3.72515771368082
1.442194860461
8.53337644697563
5.6818683695484
-0.904063500570232
3.47986887170184
12.6230383984803
4.41072811546116
0.88438212040858
2.36387793792021
5.57496305345172
0.0414621589646548
2.57684564546651
4.98277384559824
5.7187560336925
5.6777034284516
5.47714580747164
-1.66846915590608
3.687426654864
-0.777162647365865
-0.30951693327734
5.89001709549867
3.19561345887819
5.35645811378475
2.53363237495322
2.51531135999821
1.71694896770266
2.97517502710191
11.3633189429768
6.41718785441585
6.48024251669851
3.93754407251475
5.96156494371483
10.9839996240516
-0.166659618509869
6.6579223777397
0.586591613023399
6.3664901594795
6.30752893748312
9.69088804936806
5.98793400859327
-1.5398405800556
5.70375672704223
12.0226253234455
6.04376438821448
0.475122569041358
5.77566892030251
0.721484317279768
8.88857144993263
-0.758095447125669
3.13014434022884
3.19290045685443
5.56347919717334
6.52507335939823
3.20017387148022
10.7066852402139
8.99705799519229
6.30180108883203
5.26094287468413
0.208876498637936
2.8634813347979
4.35386548726783
-0.391229685895521
3.20385512389118
0.897034414784874
5.57519990214356
0.940362016437945
4.0324066692491
6.71054445064816
-0.203802834898155
5.77229548507329
5.86583767987047
6.15812694539516
5.62508109770198
-1.29394903316895
4.79579887700504
10.6318189213018
5.78336570173837
-0.948109912060245
1.74641401335683
1.93458985566771
2.39899744134773
4.10385253676518
-0.0772659543348215
0.250317835137995
2.29663602978195
10.4101549154572
6.32600823435823
-0.0609515812853199
10.8583362587597
1.98240956103729
3.3495756909105
4.06643388860191
-0.609823186711311
5.45981158010409
1.50803829690521
4.39116791785843
5.36689558133072
1.82978851777774
11.7866836610385
-0.796293272380319
6.14515940804577
6.14590357366384
3.76551307425788
6.58423976991155
3.29213303955303
9.65213914838925
-0.373882054478182
4.29468456597857
3.49934079759867
2.43761364368608
-1.09115596354207
3.54750089771825
5.73105809683809
5.22988342371001
1.66308199376638
5.36675229876688
6.00049653723098
0.401725273892274
5.82242397588432
-0.0287463826245384
-0.314279216606276
-1.36034370371049
2.8531889620317
-0.742195745199747
-0.556105643155308
2.8039778763579
3.60061966821957
9.96063338439783
6.69800060379313
0.967702242997744
3.42184700112294
5.94581077041673
10.1829130336201
2.28007861201461
10.5602220755456
5.39638138604489
5.66164234938687
6.58335566306253
3.67158504463318
-0.945159465422849
0.601830632709164
3.16448420320135
-1.20129977493515
10.2606186870119
2.18435848681489
3.11714545373996
6.19109505483875
5.41434842362471
-1.13222384299356
2.97539220851536
3.35811792444821
6.77034597965185
-0.413145398637899
2.82491993609963
4.75860187307521
-1.54820534784232
0.0944842698944076
10.3792183196861
1.85570271886441
6.28633952023885
6.08192437957042
6.34371937750223
11.4549435216957
5.93854279492093
-1.36931205726141
5.75953748060151
5.77919200041926
5.49915760963618
5.5755231333796
5.41161542707606
5.47812336693878
7.96695170820029
0.0808638767227731
3.94586155293378
5.3879692793421
6.03878949233651
5.86798540268714
3.38936151306402
5.6613896353565
5.23187009623268
4.26626395544759
2.46922289574461
2.31712828159311
5.7743775817855
3.16040157392619
6.11532125186316
5.89626607911597
2.404534715766
6.90266914275919
5.74392428338518
5.64779112681911
2.29771509242944
5.37525314704251
6.33974978654159
5.97868731793421
1.51346332332847
-1.85047785069654
3.16121402912344
6.27040521134541
8.18129225354974
2.27160315512286
3.41597069523742
6.02969013277742
7.37909650482369
3.57671897456963
6.35557258529732
3.30957421474651
0.627329242189812
6.90890531500739
1.49385551177925
3.84743444653395
1.04687830377476
6.60480550668735
6.39793344245945
1.66191306577935
0.0886997056548619
5.94211626023427
5.61096874770142
5.8650061953418
6.31278855390875
11.104807478309
-0.840425606308263
0.512070976174276
5.17960198536868
6.58672255348838
1.62207058513284
6.25756237401741
4.41104157875201
1.83858761169537
2.18487258916583
6.88585646604305
6.31100153428847
6.44439754023071
-0.810697140949904
0.435863698702234
6.36341183452433
-0.0869154169298504
6.29223289761773
6.05313015460872
5.76968704078234
1.19583863616427
-0.952107069270703
8.26838879355503
4.36836654704025
9.17009195494053
1.92338731744743
10.9944952248551
9.79484445780774
0.369167565185586
5.95850882616744
2.94898168683221
5.75452970794906
5.5147905582161
6.34878275688735
3.23817902836882
5.68683627881002
0.0191832087420778
2.45571627234994
5.70779208887327
9.45946265078588
2.07125307334707
6.13818737668769
5.72863488368411
2.60550785133378
-0.42126461957091
2.62401981943384
5.54689280656723
10.4984114206348
1.84405511790551
12.2790456666603
2.73295234252698
10.9530820782718
3.19007811733649
0.831302027633013
3.45590266591087
4.09760877900137
5.88019005425993
5.87097296849597
2.3227510546197
6.15384168385046
-0.0819283139620429
3.4716674161786
4.87002167463147
6.08742725017409
4.81385998977506
0.61500044144754
4.57983527272396
0.925015611623183
5.61222833090434
5.33152504044648
11.4966354694035
0.995678220959561
2.8911331114098
6.76387276396392
5.74639741935791
6.24772563399564
7.14489785947933
6.83287185286853
3.77854674351877
2.89789219883582
5.28981775580247
10.6581547130849
-0.853882074276115
5.70233776394837
0.323546834423059
11.0508530668099
8.71734015794639
6.42007897446181
6.13145615800919
2.57487649236994
3.00336266116923
6.23500468961076
5.63524826857143
3.83039212884349
6.1303307597542
5.96085900663738
-1.29605274995242
2.46305698371566
2.83100365492085
0.024269792948968
2.30112289052856
-0.467555582216828
5.65284898739701
5.61616154116194
3.95950815790763
3.41782212801548
5.6366626956248
5.93752264938007
3.77244621769121
0.485139612747277
5.22966923428115
-1.65593475721243
-0.702492801310377
0.360754073274341
2.53989570158411
2.52803855576167
0.777310154528169
6.84062841218513
2.70103736678862
6.38172733439284
2.26927421837595
2.43480556839199
3.14948298575982
6.53772873320884
5.83159067775852
12.1035488941098
1.50321290329274
2.8264243428779
6.20226735443247
10.6087054256122
6.37207456786107
3.09964109860342
0.99051045783868
3.27173088397757
9.62165943169108
0.907094502903478
5.42332080950744
5.97335265323266
6.24592211840104
5.92282198182133
8.40767683126601
6.29819887790565
6.59162157432315
6.58875208268014
2.80074218756854
6.12482261130731
-0.0389911049387581
5.3551529859956
3.39148150121624
9.35092199267165
6.9723666787435
9.18053161062971
6.4118880567529
1.95730171323379
6.42557869110485
2.75979153369073
3.15981567889966
9.99433617094572
5.82666611767997
0.224260694240425
7.16920549810057
5.03684828538099
10.4101900319987
3.37065280170607
8.75076725640277
6.28021576170713
5.43790954151063
-0.854011961122379
11.9425873688775
3.71942270889945
9.04469309375049
3.30359848532293
3.38973638160388
4.49957840387856
5.10976758351615
-1.81724854902063
6.35276101154792
2.86627504938025
4.99907267635043
6.39048048933014
6.68117172657431
5.65351683959793
1.92514972014583
3.3859194200382
-0.213635864300918
5.55579452934927
-0.38727990413792
-0.449345270319963
2.88777281144613
6.80541930038867
3.95564425479558
9.95349377253701
4.3215598093352
0.659880444820587
5.5762517155781
6.69212180566334
5.72800759703285
3.02596471115034
2.14268773921086
6.21499477573
3.58830441139589
1.95160477919779
6.64180211383238
-2.33759013578381
6.49326614468274
8.29949590322372
2.6829000453368
10.8999387490702
3.05592017646887
5.4462946894226
0.359759982075461
1.84317565076039
0.811725063279279
5.44566705974344
5.73637043526315
6.55898940908981
6.52920757353067
0.971387390023829
3.85417688653897
-0.0637276782167355
0.55440254026199
5.86354818176656
2.77819122747431
2.59544267650687
-0.951966358050895
-0.443709196625171
3.21991682938915
5.39424596402744
3.6772329999853
3.70321077417684
2.71231436735356
2.21617324385195
2.09603143673237
1.01997779005577
2.50546703019442
5.06279732240933
-0.309866702727127
6.00886697330955
0.491673056430022
2.7058271549152
2.56522510136243
6.39690726433697
6.25795452080817
0.979925815241522
3.1631730375909
6.19584457757036
11.2322439561593
5.35682419336896
6.1297878479999
5.5462542296296
5.41187170347552
2.55677746476323
2.09864483651061
6.49569514421198
6.32846985151156
6.83174697067477
2.56335052708953
5.4652749923736
6.40875692723517
3.44193406154211
-0.356747085129027
3.21217985479827
3.18902181634665
5.20976229118014
-0.452204283035309
9.32755543448036
3.95742646332269
7.47399226879709
2.22195569653882
5.03491413342782
11.9147610696816
0.21488431514565
1.70963738584465
11.1719675067092
5.93745552243551
6.18355260848415
4.98189818625753
0.907513856410036
9.98854086553428
2.9866744487988
3.92196349037775
3.18796822425055
-0.749851678261667
3.37752585580137
-0.352410184488554
-0.645356193165196
5.57977506802824
5.65426088227708
6.7314692663966
5.853966448283
6.19631845831167
6.15188286371809
6.43699199372274
5.87448433834233
3.52726108045903
5.53262717489939
6.51003579940305
0.499161720650137
3.47761563171674
9.09838161724915
5.81951159692039
10.3119692236555
6.02841919249239
6.43267583657481
4.11386454399522
0.191358730200359
0.475440917988751
3.06885678779037
5.23262626105828
1.79900462506588
0.697533955122904
6.63958399778886
5.78930621511722
2.75457911301295
1.83214454987051
-1.88701328372189
-0.14483326077513
-0.67068813807307
-0.336091119058612
9.54940601538989
1.52301222523836
6.20815364497828
3.20021383270668
5.82393495812167
2.33946620095387
6.08269413589433
6.61420349717943
-0.599820762735383
-1.71073989875958
3.33583265076883
3.56669507664246
3.76729313521171
6.46838993283791
2.47820125016117
9.55590734500785
5.42912295466275
4.83867030217706
1.67690651901682
1.67375323168482
3.25059374608839
8.08502846248231
4.79036964459188
-1.58858758740426
2.98721655886164
3.39503903761307
6.44460793174305
5.69625724544984
2.67840661615058
3.19857510793244
6.15474604625527
3.77623485010473
4.31695663260538
8.4918524632692
9.96107831091453
6.46142888619648
0.153979201172217
-0.122163622829528
-0.344078268457597
3.09069781718289
2.84864464690513
-0.774040461373891
3.92670738556953
3.12105672131193
2.86547214597364
6.03541071069955
0.0928885401170685
4.89175102457603
6.2928594750459
2.17036623588666
6.48135675368956
5.68131526312705
6.24102552957545
8.42396109518962
5.87796813009023
0.507720615057768
3.74510679804629
5.0999224235755
7.37330166821154
0.946485334697735
6.12284907855792
2.78759450362101
0.587610740034441
6.55888349999876
6.13917222870191
2.22528484647824
5.90428756268025
1.8976660857262
5.5505705618025
2.22720087184971
5.45223270674237
2.57648527049909
6.08325743240863
6.25659290331474
0.0857998698214705
3.49863369582065
5.30720270543541
6.03548772473819
6.92109959476291
3.24754601737423
3.7975640766115
6.1724896859293
6.21170137385447
5.02108833862508
-0.836786194759157
3.33830857819466
6.55044784006408
6.20993472721759
6.58151780870049
5.87895372009935
3.55720488479876
5.72135449370516
6.91327730285489
-2.6586327500593
6.09461093618668
1.7162289457891
10.0720926942611
5.39860685934627
1.09049520926478
7.7077168680112
3.85762010608273
4.2609304124965
2.53629701432434
-1.24218801812708
1.9126140713448
3.54048080617929
5.52457798548154
-0.190084276796572
5.88159318898118
1.3001376794752
7.12211480823314
5.29879016544263
-0.575441224090225
-1.43453692661357
6.68355989366219
3.18244565675823
5.6078523041034
5.54778879376969
5.73394208141374
5.59980552824926
5.69791306768168
6.67078501196943
6.13552974244305
2.63505349581212
5.30033634152873
4.99059451052071
5.87941525377362
11.1426479743074
6.12171406748758
6.70569950840827
5.49629029158895
6.16358286068363
7.11929821859284
3.0148453069601
15.3961055368624
7.45537154096149
3.1414041671678
11.8231696671874
6.52382285735087
6.41512010103022
3.56449762461971
5.92222328430766
5.06373760736054
6.17716025664712
10.0296382910473
10.1467477095931
0.600973604327548
2.43685720179011
3.9908403900236
5.50057006685666
3.48008084748239
2.38118504143364
9.00961866579295
6.22906715084909
6.30878701725324
0.895515918571156
2.47636672746557
-0.451333480381059
6.39289441267627
5.66080230319351
3.03126179918462
2.41385664588751
6.52483111085897
3.77226550664345
6.66278186664554
0.607862404237643
9.62762755425266
7.28192181068085
-0.592241438543449
5.64629684007427
-0.751184201658037
2.48967145566774
2.25067373557828
4.86252700594021
1.75385546510431
5.37260539365707
3.2986184983223
-0.674745934361216
2.15253653234629
5.81825558267168
2.78678333427721
3.60366041127438
5.52977627945533
3.65991532855977
6.07631068690534
9.42001877659084
8.61668069563208
1.78042669629171
2.23195436113065
3.49150453263868
3.80608361207515
6.23356151327933
6.61782214649321
10.7850224053843
6.38942594313877
0.515023816533901
5.51146056556043
5.85195071904261
10.1693484806879
6.09530636869781
5.78093887371037
5.60093868133227
6.02053887835855
5.38834092013347
3.61129537656658
3.05283751837851
6.36046439999911
5.80942363873952
5.97390826711549
0.0577755547298131
0.040481847486838
3.08769733928245
0.874242126458167
12.2753965718244
6.08615775628784
5.80871495744664
6.93346943891595
-0.614142863149471
6.17571994656034
2.8894872159957
-1.65175872381072
3.43264546709942
5.94815443089948
7.71685937493719
-1.97131732235992
-1.39702200618656
-2.00077643535531
3.37242820122522
5.87235289068715
5.68657270845184
3.40325785943263
2.77631509194088
4.30346779074035
6.79924834879476
0.796858493277535
4.98953886007619
5.54562933717164
0.503043052017738
6.48001902406494
2.34560634476221
-1.97358795261364
5.08824993019262
6.07437041048357
5.8880485571933
6.31230609408976
11.9698821263994
2.53597444516699
3.0593883741395
8.60799409592496
0.690973051244087
5.89574727289001
0.133713453178241
6.08114136274701
9.23883914663948
0.59756497221394
5.36464420017859
6.81281718243244
0.28689655898536
4.00036903726735
6.45649602397548
10.5324021454117
5.66063185386251
3.40211019103424
2.41103399589621
1.2394013635365
6.00189232309897
6.36119729713543
8.94322024708195
-0.485041547754728
9.32647881206382
-1.19694268555631
0.123162415484325
2.9272660043081
2.96195656203379
1.0909339523976
-0.574645239419656
5.33826033112194
6.49324713541917
6.03403144470739
6.47360422066002
2.5092556278869
3.49797782658128
1.43314418632232
6.29433336969311
0.312602175570743
-1.52815428880986
5.74971397021882
4.10881740050195
5.84368191247205
-1.32672439572045
3.29232207773227
5.3982403986312
3.27790583418241
5.97809826628901
-0.602434570448452
6.04102929989579
3.20897120771562
6.86004433372669
6.00315448173898
-1.66828185723728
-0.600518239187516
-0.881575462038224
2.64654966371442
-0.352684153233839
4.03774941536619
-0.24301845179465
6.01708533243924
3.23650479090456
6.39916369883692
-0.0684159867504827
8.7211195724033
5.72769928787447
5.64879538685062
-1.63004216355334
3.9778447878736
6.52497023374444
6.54487687917235
9.76684690629178
0.575140936461788
0.410886868189337
3.2266318967
0.533503494875533
5.42921406274038
10.910107818992
8.00321418485361
3.51492117896666
5.03056062570496
5.29653135315794
5.68017982572139
-0.618318496932931
5.84844134911891
5.77827630913314
2.39876602163655
11.3568030393175
6.45437351863758
6.14038402907021
3.13625898000675
0.411503789906319
0.668126464384025
2.49170674283171
3.1996752907516
6.21030634511957
6.39389579328711
2.69445600910612
0.69625696931589
3.756937894192
2.70319127611476
7.21019822903055
10.513432705529
6.01491447276831
6.19224754425988
0.0967641154445589
6.12125815801399
6.29213104069643
6.533903339628
6.11932677283004
3.4835559864366
2.90255358515411
-0.297514995877181
5.1054964923954
4.3245179716434
6.30714817225538
-0.773987720149096
5.39851423692195
3.49262470312652
-0.395985908109745
7.88437014384034
3.20570055291204
-0.847783666689993
6.92235659339741
3.26404912600767
6.42799418188047
2.37552950834247
6.32623345329407
0.347254851014579
1.63164139306791
8.55944024158298
0.237629277566156
5.62932976493465
5.82668548639411
5.67763034931288
6.14237103590109
3.72586861024703
6.41745473590866
6.338282640209
5.7420244100958
5.33088936607989
6.62061572390981
3.23264605729282
-1.0566496124441
5.93660637996152
3.61688688443429
5.6005008892803
2.93322555104955
1.87538918475107
2.44168427682167
-0.0281034259583056
6.70692901855626
3.39218775353188
6.57839060712994
0.0530094899184584
2.7077184537745
5.45792729181124
5.06063226439858
-0.541367882151011
4.97081160309841
-1.05070622150523
2.34193951059725
5.44909247200141
0.600810818325054
2.20081194959974
6.37362041185472
0.551060942207348
6.35954689058361
1.92976307444441
1.66141494663186
5.64158551297001
5.15370666833299
5.50525828858314
6.49708122835984
5.32261615438237
2.30780713028215
10.5301981277369
5.90549714785169
11.6022935039183
2.97500742977161
3.6296459648347
2.67080352193285
3.53412748508143
3.46239061260321
2.91494436940607
2.95085485915374
5.61314355130471
-0.923037622585986
5.0151668830212
3.28180479753995
0.198744442606793
2.86494568738294
3.17111340516344
0.820092265905803
1.44771937190306
2.65954329769948
5.63468148002708
1.33143253661803
5.62171195700306
1.38266188887432
1.94976166053044
1.63149497210091
0.485163135626848
11.07500640289
0.0440505325706297
4.3621002707525
3.77171445306419
6.14667729620542
10.6502369522019
4.56721761824823
2.61240549793434
4.93509043029678
6.25198656629504
2.67573995634813
